%YAML:1.0
---
extrinsicRotation: !!opencv-matrix
   rows: 3
   cols: 3
   dt: d
   data: [ 1.3654021098518099e-02, 6.3212724963904177e-03,
       9.9988679820361048e-01, -9.9987204495329030e-01,
       8.4212786091224512e-03, 1.3600580410888741e-02,
       -8.3343523303697209e-03, -9.9994456025352418e-01,
       6.4354479734783920e-03 ]
extrinsicTranslation: !!opencv-matrix
   rows: 3
   cols: 1
   dt: d
   data: [ 1.5590489301826263e-01, 1.7279798911485574e-02,
       -1.1054792978890898e-01 ]
